# ell   kSZ tot   kSZ patchy    NB: dimensionless C_l's
1.00000e+00 5.70472e-20
5.03000e+02 3.16555e-18
1.00600e+03 1.47723e-18
1.50800e+03 8.61355e-19
2.01100e+03 5.68475e-19
2.51300e+03 4.06623e-19
3.01600e+03 3.07077e-19
3.51800e+03 2.41418e-19
4.02100e+03 1.95457e-19
4.52300e+03 1.62067e-19
5.02600e+03 1.36839e-19
5.52800e+03 1.17359e-19
6.03100e+03 1.01899e-19
6.53300e+03 8.94463e-20
7.03600e+03 7.92258e-20
7.53800e+03 7.07383e-20
8.04100e+03 6.35818e-20
8.54300e+03 5.75108e-20
9.04600e+03 5.22914e-20
9.54800e+03 4.77811e-20
1.00510e+04 4.38411e-20
1.05530e+04 4.03906e-20
1.10560e+04 3.73395e-20
1.15580e+04 3.46352e-20
1.20610e+04 3.22170e-20
1.25630e+04 3.00538e-20
1.30660e+04 2.81028e-20
1.35680e+04 2.63439e-20
1.40710e+04 2.47458e-20
1.45730e+04 2.32939e-20
1.50760e+04 2.19659e-20
1.55780e+04 2.07525e-20
1.60810e+04 1.96364e-20
1.65830e+04 1.86114e-20
1.70860e+04 1.76641e-20
1.75880e+04 1.67900e-20
1.80910e+04 1.59783e-20
1.85930e+04 1.52261e-20
1.90960e+04 1.45249e-20
1.95980e+04 1.38729e-20
2.01010e+04 1.32629e-20
2.06030e+04 1.26937e-20
2.11060e+04 1.21597e-20
2.16080e+04 1.16599e-20
2.21110e+04 1.11895e-20
2.26130e+04 1.07480e-20
2.31160e+04 1.03313e-20
2.36180e+04 9.93925e-21
2.41210e+04 9.56842e-21
2.46230e+04 9.21867e-21
2.51260e+04 8.88711e-21
2.56280e+04 8.57373e-21
2.61310e+04 8.27606e-21
2.66330e+04 7.99418e-21
2.71360e+04 7.72593e-21
2.76380e+04 7.47142e-21
2.81410e+04 7.22876e-21
2.86430e+04 6.99812e-21
2.91460e+04 6.77787e-21
2.96480e+04 6.56821e-21
3.01510e+04 6.36769e-21
3.06530e+04 6.17653e-21
3.11560e+04 5.99344e-21
3.16580e+04 5.81865e-21
3.21610e+04 5.65102e-21
3.26630e+04 5.49078e-21
3.31660e+04 5.33692e-21
3.36690e+04 5.18938e-21
3.41710e+04 5.04810e-21
3.46740e+04 4.91219e-21
3.51760e+04 4.78189e-21
3.56790e+04 4.65640e-21
3.61810e+04 4.53596e-21
3.66840e+04 4.41986e-21
3.71860e+04 4.30832e-21
3.76890e+04 4.20068e-21
3.81910e+04 4.09718e-21
3.86940e+04 3.99722e-21
3.91960e+04 3.90101e-21
3.96990e+04 3.80799e-21
4.02010e+04 3.71840e-21
4.07040e+04 3.63171e-21
4.12060e+04 3.54814e-21
4.17090e+04 3.46721e-21
4.22110e+04 3.38914e-21
4.27140e+04 3.31349e-21
4.32160e+04 3.24044e-21
4.37190e+04 3.16960e-21
4.42210e+04 3.10116e-21
4.47240e+04 3.03473e-21
4.52260e+04 2.97051e-21
4.57290e+04 2.90814e-21
4.62310e+04 2.84780e-21
4.67340e+04 2.78917e-21
4.72360e+04 2.73241e-21
4.77390e+04 2.67722e-21
4.82410e+04 2.62376e-21
4.87440e+04 2.57175e-21
4.92460e+04 2.52133e-21
4.97490e+04 2.47226e-21
5.02510e+04 2.42467e-21
5.07540e+04 2.37833e-21
5.12560e+04 2.33335e-21
5.17590e+04 2.28953e-21
5.22610e+04 2.24699e-21
5.27640e+04 2.20552e-21
5.32660e+04 2.16524e-21
5.37690e+04 2.12594e-21
5.42710e+04 2.08776e-21
5.47740e+04 2.05051e-21
5.52760e+04 2.01428e-21
5.57790e+04 1.97892e-21
5.62810e+04 1.94453e-21
5.67840e+04 1.91093e-21
5.72860e+04 1.87824e-21
5.77890e+04 1.84630e-21
5.82910e+04 1.81521e-21
5.87940e+04 1.78482e-21
5.92960e+04 1.75522e-21
5.97990e+04 1.72628e-21
6.03010e+04 1.69809e-21
6.08040e+04 1.67050e-21
6.13060e+04 1.64362e-21
6.18090e+04 1.61732e-21
6.23110e+04 1.59167e-21
6.28140e+04 1.56657e-21
6.33160e+04 1.54208e-21
6.38190e+04 1.51810e-21
6.43210e+04 1.49471e-21
6.48240e+04 1.47179e-21
6.53260e+04 1.44943e-21
6.58290e+04 1.42751e-21
6.63310e+04 1.40612e-21
6.68340e+04 1.38515e-21
6.73370e+04 1.36463e-21
6.78390e+04 1.34459e-21
6.83420e+04 1.32494e-21
6.88440e+04 1.30574e-21
6.93470e+04 1.28690e-21
6.98490e+04 1.26849e-21
7.03520e+04 1.25043e-21
7.08540e+04 1.23278e-21
7.13570e+04 1.21545e-21
7.18590e+04 1.19850e-21
7.23620e+04 1.18186e-21
7.28640e+04 1.16559e-21
7.33670e+04 1.14961e-21
7.38690e+04 1.13398e-21
7.43720e+04 1.11863e-21
7.48740e+04 1.10360e-21
7.53770e+04 1.08883e-21
7.58790e+04 1.07438e-21
7.63820e+04 1.06018e-21
7.68840e+04 1.04628e-21
7.73870e+04 1.03261e-21
7.78890e+04 1.01922e-21
7.83920e+04 1.00606e-21
7.88940e+04 9.93173e-22
7.93970e+04 9.80496e-22
7.98990e+04 9.68077e-22
8.04020e+04 9.55860e-22
8.09040e+04 9.43888e-22
8.14070e+04 9.32110e-22
8.19090e+04 9.20566e-22
8.24120e+04 9.09205e-22
8.29140e+04 8.98068e-22
8.34170e+04 8.87106e-22
8.39190e+04 8.76358e-22
8.44220e+04 8.65777e-22
8.49240e+04 8.55399e-22
8.54270e+04 8.45181e-22
8.59290e+04 8.35158e-22
8.64320e+04 8.25287e-22
8.69340e+04 8.15602e-22
8.74370e+04 8.06062e-22
8.79390e+04 7.96701e-22
8.84420e+04 7.87478e-22
8.89440e+04 7.78427e-22
8.94470e+04 7.69507e-22
8.99490e+04 7.60752e-22
9.04520e+04 7.52122e-22
9.09540e+04 7.43650e-22
9.14570e+04 7.35299e-22
9.19590e+04 7.27099e-22
9.24620e+04 7.19014e-22
9.29640e+04 7.11074e-22
9.34670e+04 7.03244e-22
9.39690e+04 6.95553e-22
9.44720e+04 6.87969e-22
9.49740e+04 6.80517e-22
9.54770e+04 6.73167e-22
9.59790e+04 6.65946e-22
9.64820e+04 6.58821e-22
9.69840e+04 6.51820e-22
9.74870e+04 6.44911e-22
9.79890e+04 6.38122e-22
9.84920e+04 6.31421e-22
9.89940e+04 6.24835e-22
9.94970e+04 6.18334e-22
1.00000e+05 6.11930e-22
